Grid
343
350
1 13 0 4
2 13 0 4
3 10 0 4
9 8 0 12
8 12 0 12
7 3 0 12
1 7 0 4
0 15 0 4
11 17 0 4
11 6 0 12
-7 0 0 4
1 15 0 9
1 16 0 9
4 13 0 12
6 14 0 12
3 18 0 7
3 16 0 7
6 16 0 7
7 16 0 7
7 15 0 12
10 16 0 12
8 16 0 12
5 15 0 12
6 15 0 12
7 14 0 12
8 15 0 12
3 15 0 12
4 15 0 12
4 14 0 12
3 14 0 12
3 13 0 12
4 16 0 7
5 16 0 7
9 16 0 12
10 15 0 12
11 15 0 12
12 14 0 12
11 14 0 12
12 11 0 12
13 12 0 12
11 13 0 12
10 11 0 12
9 11 0 12
12 10 0 12
9 12 0 12
7 11 0 12
6 11 0 12
5 12 0 12
5 13 0 12
5 14 0 12
9 15 0 12
10 14 0 12
11 10 0 12
13 11 0 12
10 10 0 12
14 9 0 12
17 7 0 12
13 8 0 12
15 8 0 12
17 4 0 12
15 5 0 12
13 6 0 12
10 6 0 12
12 6 0 12
9 10 0 12
13 7 0 12
14 10 0 12
12 8 0 12
15 11 0 12
14 7 0 12
15 7 0 12
16 6 0 12
17 3 0 12
11 12 0 12
10 12 0 12
8 13 0 12
8 14 0 12
9 14 0 12
9 13 0 12
11 11 0 12
14 11 0 12
12 13 0 12
15 10 0 12
15 12 0 12
18 8 0 12
19 7 0 12
19 5 0 12
21 4 0 12
20 5 0 12
22 2 0 12
21 2 0 12
22 1 0 12
25 -3 0 12
20 1 0 12
19 4 0 12
19 2 0 12
17 2 0 12
15 3 0 12
14 3 0 12
14 4 0 12
14 5 0 12
13 5 0 12
16 5 0 12
12 9 0 12
13 10 0 12
20 2 0 12
16 4 0 12
17 8 0 12
18 5 0 12
19 3 0 12
22 0 0 12
20 3 0 12
19 6 0 12
18 1 0 12
13 13 0 12
13 14 0 12
16 8 0 12
17 6 0 12
21 1 0 12
15 6 0 12
13 9 0 12
14 6 0 12
18 3 0 12
22 -1 0 12
14 8 0 12
11 9 0 12
18 2 0 12
25 -2 0 12
20 4 0 12
21 3 0 12
12 12 0 12
8 11 0 12
7 9 0 12
9 9 0 12
8 9 0 12
10 7 0 12
10 5 0 12
12 5 0 12
13 4 0 12
18 4 0 12
17 5 0 12
12 7 0 12
11 8 0 12
10 9 0 12
8 10 0 12
7 12 0 12
6 12 0 12
6 13 0 12
10 13 0 12
15 9 0 12
7 13 0 12
10 8 0 12
11 7 0 12
11 5 0 12
12 4 0 12
12 3 0 12
15 4 0 12
16 3 0 12
15 2 0 12
14 2 0 12
13 2 0 12
13 3 0 12
10 2 0 12
11 4 0 12
10 4 0 12
7 10 0 12
8 8 0 12
8 7 0 12
8 6 0 12
9 5 0 12
8 3 0 12
7 2 0 12
8 2 0 12
7 4 0 12
8 4 0 12
8 5 0 12
7 6 0 12
7 8 0 12
9 7 0 12
9 6 0 12
9 4 0 12
10 3 0 12
11 2 0 12
9 3 0 12
11 3 0 12
12 2 0 12
9 2 0 12
7 5 0 12
5 7 0 12
6 7 0 12
7 7 0 12
6 9 0 12
6 10 0 12
5 10 0 12
5 9 0 12
6 8 0 12
5 8 0 12
5 6 0 12
5 5 0 12
6 5 0 12
6 4 0 12
6 2 0 12
6 6 0 12
6 3 0 12
5 3 0 12
5 2 0 12
5 1 0 12
6 1 0 12
7 1 0 12
8 1 0 12
9 1 0 12
10 1 0 12
11 1 0 12
12 1 0 12
13 1 0 12
14 1 0 12
15 1 0 12
16 1 0 12
17 1 0 12
16 7 0 12
17 9 0 12
20 6 0 12
19 9 0 12
22 4 0 12
24 2 0 12
22 5 0 12
24 1 0 12
24 3 0 12
22 3 0 12
25 0 0 12
25 -1 0 12
23 0 0 12
16 9 0 12
18 7 0 12
16 12 0 12
17 11 0 12
20 9 0 12
20 10 0 12
19 11 0 12
21 9 0 12
23 6 0 12
22 7 0 12
20 8 0 12
27 -1 0 12
26 0 0 12
26 1 0 12
18 6 0 12
16 10 0 12
17 12 0 12
16 15 0 12
18 13 0 12
17 13 0 12
22 9 0 12
19 10 0 12
25 4 0 12
28 0 0 12
29 -3 0 12
32 -6 0 12
31 -8 0 12
33 -10 0 12
30 -8 0 12
28 -6 0 12
26 -5 0 12
16 11 0 12
15 13 0 12
15 14 0 12
14 15 0 12
14 16 0 12
15 15 0 12
19 12 0 12
21 10 0 12
25 5 0 12
27 3 0 12
29 0 0 12
31 -2 0 12
32 -7 0 12
33 -7 0 12
30 -5 0 12
28 -2 0 12
23 4 0 12
18 12 0 12
19 13 0 12
18 15 0 12
18 14 0 12
19 14 0 12
21 11 0 12
23 9 0 12
26 4 0 12
26 5 0 12
30 0 0 12
33 -5 0 12
31 -5 0 12
28 -1 0 12
26 2 0 12
21 6 0 12
18 9 0 12
18 11 0 12
24 5 0 12
30 -3 0 12
30 -4 0 12
33 -9 0 12
34 -10 0 12
32 -8 0 12
30 -7 0 12
27 -4 0 12
24 0 0 12
21 7 0 12
23 7 0 12
24 4 0 12
31 -4 0 12
35 -10 0 12
37 -10 0 12
38 -10 0 12
37 -9 0 12
34 -5 0 12
31 -3 0 12
27 2 0 12
24 7 0 12
20 13 0 12
18 16 0 12
18 18 0 12
18 17 0 12
20 14 0 12
22 12 0 12
25 7 0 12
27 5 0 12
31 0 0 12
33 -2 0 12
34 -6 0 12
32 -5 0 12
28 -4 0 12
26 -3 0 12
14 13 0 12
25 3 0 12
27 0 0 12
31 -6 0 12
31 -7 0 12
29 -6 0 12
27 -5 0 12
26 -1 0 12
26 -2 0 12
24 -2 0 12
17 10 0 12
